<?xml version="1.0"?>
<opencv_storage>
<intrinsic type_id="opencv-matrix">
  <rows>3</rows>
  <cols>3</cols>
  <dt>d</dt>
  <data>
    277.12812921102045 0 480.0
    0 385.59996182037094 270.0
    0 0 1</data></intrinsic>
</opencv_storage>
